 &RECEN_LIST
 OMEGA_AXIS      =   1.00000000000000     , 2*0.000000000000000E+000  ,
 KAPPA_AXIS      =  0.913144384916731     , -0.281940552428199     , -0.294409336114748     ,
 PHI_AXIS        =   1.00000000000000     , 2*0.000000000000000E+000  ,
 TRANS_1_AXIS    =  -1.00000000000000     , 2*0.000000000000000E+000  ,
 TRANS_2_AXIS    =  0.000000000000000E+000,  -1.00000000000000     ,  0.000000000000000E+000,
 TRANS_3_AXIS    = 2*0.000000000000000E+000  ,  -1.00000000000000     ,
 CROSS_SEC_OF_SOC        =  0.000000000000000E+000, -1.904041704550858E-003,  1.823401992313745E-003,
 HOME    =  0.984189126557174     ,  1.495780567933866E-002, -0.999732541729676     
 /
